0 0 0
0.015707963267948967 0.01570731731182068 0.015707317311820675
0.031415926535897934 0.03141075907812829 0.03141075907812829
0.047123889803846894 0.04710645070964265 0.04710645070964266
0.06283185307179587 0.06279051952931333 0.06279051952931337
0.07853981633974483 0.07845909572784462 0.07845909572784494
0.09424777960769379 0.09410831331851269 0.09410831331851431
0.10995574287564276 0.1097343110910388 0.10973431109104527
0.12566370614359174 0.12533323356428275 0.12533323356430426
0.1413716694115407 0.1409012319375205 0.14090123193758267
0.15707963267948966 0.15643446504007044 0.15643446504023087
0.17278759594743864 0.17192910027903138 0.17192910027940955
0.18849555921538758 0.18738131458489704 0.1873813145857246
0.20420352248333654 0.20278729535481171 0.20278729535651246
0.21991148575128552 0.21814324139322913 0.21814324139654254
0.23561944901923448 0.23344536384974063 0.2334453638559054
0.25132741228718347 0.2486898871538357 0.2486898871648548
0.2670353755551324 0.26387304994635885 0.26387304996537286
0.2827433388230814 0.2789911060074274 0.2789911060392293
0.2984513020910304 0.2940403251805735 0.294040325232304
0.3141592653589793 0.3090169942928752 0.3090169943749474
0.3298672286269283 0.3239174180708402 0.3239174181981494
0.3455751918948773 0.33873792005180586 0.3387379202452914
0.3612831551628262 0.3534748434906207 0.35347484377925714
0.37699111843077515 0.3681245522613703 0.3681245526846779
0.39269908169872414 0.3826834317539124 0.3826834323650898
0.40840704496667307 0.39714788976498405 0.39714789063478056
0.42411500823462206 0.4115143573836472 0.41151435860510877
0.43982297150257105 0.4257792898708336 0.42577929156507266
0.45553093477052 0.43993916753275636 0.4399391698559151
0.47123889803846897 0.4539904965879491 0.45399049973954675
0.48694686130641796 0.46792981002769934 0.4679298142605734
0.5026548245743669 0.48175366846963813 0.4817536741017153
0.5183627878423158 0.495458661004252 0.4954586684324075
0.5340707511102648 0.5090414060340788 0.5090414157503713
0.5497787143782138 0.5224985521053538 0.5224985647159488
0.5654866776461628 0.5358267787318686 0.5358267949789967
0.5811946409141117 0.5490227972108075 0.5490228179981317
0.5969026041820608 0.5620833514303262 0.5620833778521306
0.6126105674500096 0.5750052186686332 0.5750052520432786
0.6283185307179586 0.5877852103843443 0.5877852522924731
0.6440264939859076 0.6004201729978679 0.600420225325884
0.6597344572538566 0.6129069886635887 0.6129070536529765
0.6754424205218055 0.6252425760326134 0.6252426563357051
0.6911503837897546 0.6374238910058414 0.6374239897486897
0.7068583470577035 0.6494479274771258 0.6494480483301837
0.7225663103256524 0.661311718066287 0.6613118653236518
0.7382742735936014 0.6730123348417453 0.6730125135097733
0.7539822368615503 0.6845468900325344 0.6845471059286886
0.7696902001294993 0.6959125367294621 0.6959127965923143
0.7853981633974483 0.7071064695751781 0.7071067811865475
0.8011061266653973 0.7181259254429184 0.7181262977631888
0.8168140899333461 0.7289681841036869 0.7289686274214114
0.8325220532012952 0.7396305688816385 0.7396310949786097
0.8482300164692441 0.7501104472974277 0.7501110696304595
0.8639379797371931 0.7604052316992895 0.7604059656000309
0.8796459430051421 0.7705123798816117 0.7705132427757893
0.8953539062730911 0.7804293956907669 0.7804304073383297
0.91106186954104 0.7901538296179663 0.7901550123756903
0.9267698328089891 0.7996832793789005 0.7996846584870906
0.9424777960769379 0.8090153904799282 0.8090169943749475
0.9581857593448869 0.8181478567705827 0.8181497174250234
0.9738937226128359 0.8270784209821529 0.8270805742745618
0.9896016858807849 0.8358048752521107 0.8358073613682703
1.0053096491487339 0.8443250616341406 0.8443279255020151
1.0210176124166828 0.8526368725935436 0.8526401643540922
1.0367255756846316 0.8607382514877727 0.8607420270039435
1.0524335389525807 0.8686271930318693 0.8686315144381913
1.0681415022205296 0.8763017437485596 0.8763066800438636
1.0838494654884787 0.8837600024027803 0.8837656300886935
1.0995574287564276 0.8910001204203921 0.8910065241883678
1.1152653920243765 0.8980203022908515 0.8980275757606155
1.1309733552923256 0.9048188059535976 0.9048270524660196
1.1466813185602747 0.9113939431679238 0.9114032766354453
1.1623892818282233 0.9177440798660959 0.917754625683981
1.1780972450961724 0.923867636489482 0.9238795325112867
1.1938052083641215 0.929763088307454 0.9297764858882515
1.2095131716320704 0.9354289657188327 0.9354440308298673
1.2252211349000193 0.9408638545356318 0.9408807689542255
1.2409290981679684 0.9460663962488722 0.9460853588275453
1.2566370614359172 0.951035288276224 0.9510565162951535
1.2723450247038661 0.9557692841912466 0.9557930147983301
1.2880529879718152 0.9602671939339863 0.9602936856769431
1.303760951239764 0.9645278840026971 0.9645574184577981
1.3194689145077132 0.9685502776264497 0.9685831611286311
1.335176877775662 0.9723333549183908 0.9723699203976766
1.350884841043611 0.9758761530094172 0.9759167619387473
1.36659280431156 0.9791777661620319 0.9792228106217657
1.3823007675795091 0.9822373458641394 0.9822872507286887
1.3980087308474578 0.9850541009025525 0.9851093261547739
1.413716694115407 0.9876272974159676 0.9876883405951378
1.429424657383356 0.9899562589271771 0.9900236577165575
1.4451326206513049 0.9920403663542807 0.9921147013144779
1.4608405839192538 0.9938790580006606 0.9939609554551797
1.4765485471872029 0.9954718295234837 0.99556196460308
1.4922565104551517 0.996818233880496 0.996917333733128
1.5079644737231006 0.9979178812548727 0.9980267284282716
1.5236724369910497 0.9987704389578873 0.99888987496197
1.5393804002589986 0.9993756313091662 0.9995065603657316
1.5550883635269477 0.9997332394942879 0.9998766324816606
1.5707963267948966 1 1
1.5865042900628454 0.9997332394942879 0.9998766324816606
1.6022122533307945 0.9993756313091662 0.9995065603657316
1.6179202165987436 0.9987704389578873 0.99888987496197
1.6336281798666923 0.9979178812548727 0.9980267284282716
1.6493361431346414 0.996818233880496 0.996917333733128
1.6650441064025905 0.9954718295234836 0.99556196460308
1.6807520696705394 0.9938790580006606 0.9939609554551797
1.6964600329384882 0.9920403663542807 0.9921147013144779
1.7121679962064373 0.9899562589271771 0.9900236577165575
1.7278759594743862 0.9876272974159676 0.9876883405951378
1.7435839227423353 0.9850541009025525 0.9851093261547739
1.7592918860102842 0.9822373458641394 0.9822872507286887
1.774999849278233 0.9791777661620319 0.9792228106217657
1.7907078125461822 0.9758761530094172 0.9759167619387474
1.806415775814131 0.9723333549183908 0.9723699203976767
1.82212373908208 0.9685502776264497 0.9685831611286312
1.837831702350029 0.9645278840026971 0.9645574184577981
1.8535396656179781 0.9602671939339863 0.9602936856769431
1.8692476288859268 0.9557692841912466 0.9557930147983302
1.8849555921538759 0.951035288276224 0.9510565162951536
1.900663555421825 0.9460663962488722 0.9460853588275453
1.9163715186897738 0.9408638545356318 0.9408807689542255
1.9320794819577227 0.9354289657188327 0.9354440308298674
1.9477874452256718 0.9297630883074538 0.9297764858882515
1.9634954084936207 0.923867636489482 0.9238795325112867
1.9792033717615698 0.9177440798660959 0.9177546256839811
1.9949113350295187 0.9113939431679237 0.9114032766354453
2.0106192982974678 0.9048188059535975 0.9048270524660195
2.0263272615654166 0.8980203022908515 0.8980275757606156
2.0420352248333655 0.8910001204203921 0.8910065241883679
2.0577431881013144 0.8837600024027803 0.8837656300886935
2.0734511513692633 0.8763017437485598 0.8763066800438637
2.0891591146372126 0.8686271930318692 0.8686315144381912
2.1048670779051615 0.8607382514877727 0.8607420270039436
2.1205750411731104 0.8526368725935436 0.8526401643540923
2.1362830044410592 0.8443250616341406 0.8443279255020152
2.151990967709008 0.8358048752521107 0.8358073613682704
2.1676989309769574 0.8270784209821528 0.8270805742745617
2.1834068942449063 0.8181478567705825 0.8181497174250234
2.199114857512855 0.8090153904799282 0.8090169943749475
2.214822820780804 0.7996832793789005 0.7996846584870906
2.230530784048753 0.7901538296179665 0.7901550123756905
2.2462387473167023 0.7804293956907666 0.7804304073383297
2.261946710584651 0.7705123798816116 0.7705132427757893
2.2776546738526 0.7604052316992895 0.760405965600031
2.2933626371205493 0.7501104472974275 0.7501110696304594
2.3090706003884978 0.7396305688816386 0.7396310949786098
2.3247785636564466 0.7289681841036871 0.7289686274214118
2.340486526924396 0.7181259254429184 0.7181262977631888
2.356194490192345 0.7071064695751781 0.7071067811865476
2.3719024534602937 0.6959125367294622 0.6959127965923144
2.387610416728243 0.6845468900325342 0.6845471059286885
2.4033183799961915 0.6730123348417454 0.6730125135097736
2.419026343264141 0.6613117180662869 0.6613118653236518
2.4347343065320897 0.6494479274771258 0.6494480483301838
2.4504422698000385 0.6374238910058414 0.6374239897486899
2.466150233067988 0.6252425760326131 0.6252426563357051
2.4818581963359367 0.6129069886635886 0.6129070536529764
2.497566159603885 0.6004201729978681 0.6004202253258845
2.5132741228718345 0.5877852103843443 0.5877852522924732
2.5289820861397834 0.5750052186686333 0.5750052520432787
2.5446900494077322 0.5620833514303263 0.5620833778521308
2.5603980126756816 0.5490227972108074 0.5490228179981317
2.5761059759436304 0.5358267787318685 0.5358267949789967
2.5918139392115793 0.5224985521053538 0.5224985647159489
2.607521902479528 0.5090414060340789 0.5090414157503714
2.623229865747477 0.4954586610042522 0.49545866843240777
2.6389378290154264 0.48175366846963796 0.4817536741017152
2.6546457922833753 0.46792981002769923 0.4679298142605734
2.670353755551324 0.4539904965879491 0.45399049973954686
2.686061718819273 0.4399391675327564 0.4399391698559153
2.701769682087222 0.42577928987083374 0.4257792915650729
2.7174776453551712 0.41151435738364706 0.4115143586051087
2.73318560862312 0.397147889764984 0.3971478906347806
2.748893571891069 0.3826834317539124 0.3826834323650899
2.7646015351590183 0.36812455226137003 0.36812455268467775
2.7803094984269667 0.35347484349062086 0.35347484377925736
2.7960174616949156 0.33873792005180603 0.33873792024529176
2.811725424962865 0.32391741807084007 0.32391741819814945
2.827433388230814 0.3090169942928752 0.3090169943749475
2.8431413514987627 0.29404032518057355 0.29404032523230417
2.858849314766712 0.2789911060074271 0.2789911060392291
2.8745572780346604 0.26387304994635913 0.26387304996537325
2.8902652413026098 0.24868988715383558 0.24868988716485482
2.9059732045705586 0.23344536384974063 0.23344536385590553
2.9216811678385075 0.21814324139322921 0.21814324139654276
2.937389131106457 0.20278729535481146 0.20278729535651233
2.9530970943744057 0.18738131458489687 0.18738131458572457
2.968805057642354 0.1719291002790317 0.17192910027941002
2.9845130209103035 0.15643446504007044 0.15643446504023098
3.0002209841782523 0.14090123193752058 0.14090123193758286
3.015928947446201 0.1253332335642829 0.12533323356430454
3.0316369107141505 0.10973431109103862 0.10973431109104521
3.0473448739820994 0.0941083133185126 0.09410831331851435
3.0630528372500483 0.07845909572784462 0.07845909572784507
3.078760800517997 0.06279051952931342 0.06279051952931358
3.094468763785946 0.04710645070964283 0.04710645070964296
3.1101767270538954 0.03141075907812811 0.031410759078128236
3.1258846903218442 0.01570731731182059 0.01570731731182071
3.141592653589793 0 1.2246467991473532e-16
3.157300616857742 -0.01570731731182059 -0.015707317311820464
3.173008580125691 -0.03141075907812811 -0.031410759078127994
3.18871654339364 -0.04710645070964283 -0.047106450709642714
3.204424506661589 -0.06279051952931342 -0.06279051952931335
3.220132469929538 -0.07845909572784462 -0.07845909572784482
3.2358404331974873 -0.09410831331851305 -0.09410831331851455
3.2515483964654357 -0.10973431109103862 -0.10973431109104496
3.2672563597333846 -0.12533323356428247 -0.12533323356430384
3.282964323001334 -0.14090123193752058 -0.1409012319375826
3.2986722862692828 -0.15643446504007044 -0.15643446504023073
3.3143802495372316 -0.17192910027903127 -0.17192910027940933
3.330088212805181 -0.18738131458489732 -0.18738131458572477
3.3457961760731294 -0.20278729535481146 -0.2027872953565121
3.3615041393410787 -0.21814324139322921 -0.2181432413965425
3.3772121026090276 -0.23344536384974063 -0.23344536385590528
3.3929200658769765 -0.24868988715383558 -0.24868988716485457
3.408628029144926 -0.26387304994635913 -0.26387304996537303
3.4243359924128747 -0.27899110600742755 -0.2789911060392293
3.440043955680823 -0.2940403251805731 -0.2940403252323035
3.4557519189487724 -0.3090169942928752 -0.3090169943749473
3.4714598822167213 -0.32391741807084007 -0.3239174181981492
3.4871678454846706 -0.33873792005180603 -0.3387379202452915
3.5028758087526195 -0.35347484349062086 -0.35347484377925714
3.5185837720205684 -0.3681245522613704 -0.3681245526846779
3.5342917352885173 -0.3826834317539124 -0.38268343236508967
3.549999698556466 -0.397147889764984 -0.3971478906347804
3.565707661824415 -0.41151435738364706 -0.4115143586051085
3.5814156250923643 -0.42577928987083374 -0.42577929156507266
3.597123588360313 -0.4399391675327564 -0.4399391698559151
3.612831551628262 -0.4539904965879491 -0.4539904997395467
3.628539514896211 -0.46792981002769923 -0.4679298142605732
3.64424747816416 -0.48175366846963796 -0.481753674101715
3.659955441432109 -0.4954586610042522 -0.4954586684324076
3.675663404700058 -0.5090414060340789 -0.5090414157503712
3.691371367968007 -0.5224985521053538 -0.5224985647159487
3.7070793312359562 -0.5358267787318688 -0.5358267949789968
3.7227872945039047 -0.5490227972108074 -0.5490228179981315
3.7384952577718535 -0.562083351430326 -0.5620833778521303
3.754203221039803 -0.5750052186686333 -0.5750052520432785
3.7699111843077517 -0.5877852103843443 -0.587785252292473
3.7856191475757006 -0.6004201729978678 -0.6004202253258839
3.80132711084365 -0.612906988663589 -0.6129070536529766
3.8170350741115984 -0.6252425760326131 -0.6252426563357049
3.8327430373795477 -0.6374238910058414 -0.6374239897486896
3.8484510006474966 -0.6494479274771258 -0.6494480483301835
3.8641589639154454 -0.6613117180662869 -0.6613118653236517
3.8798669271833948 -0.6730123348417454 -0.6730125135097734
3.8955748904513436 -0.6845468900325345 -0.6845471059286887
3.911282853719292 -0.6959125367294619 -0.695912796592314
3.9269908169872414 -0.7071064695751781 -0.7071067811865475
3.9426987802551903 -0.7181259254429184 -0.7181262977631887
3.9584067435231396 -0.7289681841036871 -0.7289686274214116
3.9741147067910885 -0.7396305688816386 -0.7396310949786097
3.9898226700590373 -0.7501104472974278 -0.7501110696304595
4.005530633326987 -0.7604052316992899 -0.7604059656000312
4.0212385965949355 -0.7705123798816119 -0.7705132427757894
4.036946559862884 -0.780429395690767 -0.7804304073383298
4.052654523130833 -0.7901538296179665 -0.7901550123756904
4.068362486398782 -0.7996832793789005 -0.7996846584870905
4.084070449666731 -0.8090153904799282 -0.8090169943749473
4.09977841293468 -0.8181478567705825 -0.8181497174250233
4.115486376202629 -0.8270784209821528 -0.8270805742745616
4.131194339470578 -0.8358048752521104 -0.83580736136827
4.146902302738527 -0.8443250616341403 -0.8443279255020149
4.162610266006476 -0.8526368725935437 -0.8526401643540924
4.178318229274425 -0.8607382514877729 -0.8607420270039438
4.194026192542374 -0.8686271930318694 -0.8686315144381913
4.209734155810323 -0.8763017437485598 -0.8763066800438636
4.225442119078272 -0.8837600024027803 -0.8837656300886934
4.241150082346221 -0.8910001204203921 -0.8910065241883678
4.25685804561417 -0.8980203022908515 -0.8980275757606155
4.2725660088821185 -0.9048188059535975 -0.9048270524660194
4.288273972150067 -0.9113939431679235 -0.9114032766354451
4.303981935418016 -0.9177440798660959 -0.9177546256839809
4.319689898685965 -0.9238676364894817 -0.9238795325112865
4.335397861953915 -0.929763088307454 -0.9297764858882515
4.351105825221864 -0.9354289657188327 -0.9354440308298674
4.366813788489813 -0.9408638545356319 -0.9408807689542255
4.3825217517577615 -0.9460663962488722 -0.9460853588275453
4.39822971502571 -0.951035288276224 -0.9510565162951535
4.41393767829366 -0.955769284191247 -0.9557930147983303
4.429645641561608 -0.9602671939339863 -0.960293685676943
4.445353604829557 -0.9645278840026971 -0.964557418457798
4.461061568097506 -0.9685502776264497 -0.968583161128631
4.476769531365455 -0.9723333549183905 -0.9723699203976764
4.4924774946334045 -0.9758761530094172 -0.9759167619387474
4.508185457901353 -0.9791777661620319 -0.9792228106217657
4.523893421169302 -0.9822373458641394 -0.9822872507286887
4.539601384437251 -0.9850541009025525 -0.9851093261547739
4.5553093477052 -0.9876272974159676 -0.9876883405951377
4.571017310973149 -0.9899562589271771 -0.9900236577165575
4.586725274241099 -0.9920403663542808 -0.9921147013144779
4.6024332375090475 -0.9938790580006607 -0.9939609554551797
4.6181412007769955 -0.9954718295234837 -0.99556196460308
4.633849164044944 -0.996818233880496 -0.996917333733128
4.649557127312893 -0.9979178812548727 -0.9980267284282716
4.665265090580843 -0.9987704389578873 -0.99888987496197
4.680973053848792 -0.9993756313091662 -0.9995065603657316
4.696681017116741 -0.9997332394942879 -0.9998766324816606
4.71238898038469 -1 -1
4.7280969436526386 -0.9997332394942879 -0.9998766324816606
4.743804906920587 -0.9993756313091662 -0.9995065603657316
4.759512870188537 -0.9987704389578874 -0.9988898749619699
4.775220833456486 -0.9979178812548727 -0.9980267284282716
4.790928796724435 -0.996818233880496 -0.996917333733128
4.806636759992383 -0.9954718295234837 -0.9955619646030801
4.822344723260332 -0.9938790580006607 -0.9939609554551798
4.838052686528282 -0.9920403663542806 -0.9921147013144779
4.8537606497962305 -0.9899562589271771 -0.9900236577165575
4.869468613064179 -0.9876272974159676 -0.9876883405951378
4.885176576332128 -0.9850541009025525 -0.985109326154774
4.900884539600077 -0.9822373458641394 -0.9822872507286887
4.916592502868026 -0.9791777661620319 -0.9792228106217659
4.932300466135976 -0.9758761530094171 -0.9759167619387473
4.948008429403925 -0.9723333549183905 -0.9723699203976766
4.9637163926718735 -0.9685502776264497 -0.9685831611286311
4.9794243559398215 -0.9645278840026972 -0.9645574184577983
4.99513231920777 -0.9602671939339864 -0.9602936856769433
5.01084028247572 -0.9557692841912466 -0.9557930147983301
5.026548245743669 -0.951035288276224 -0.9510565162951536
5.042256209011618 -0.9460663962488722 -0.9460853588275454
5.057964172279567 -0.9408638545356319 -0.9408807689542256
5.073672135547516 -0.9354289657188327 -0.9354440308298675
5.0893800988154645 -0.929763088307454 -0.9297764858882516
5.105088062083414 -0.9238676364894817 -0.9238795325112866
5.120796025351363 -0.9177440798660959 -0.917754625683981
5.136503988619312 -0.9113939431679235 -0.9114032766354452
5.152211951887261 -0.9048188059535975 -0.9048270524660196
5.167919915155209 -0.898020302290852 -0.8980275757606161
5.183627878423159 -0.8910001204203921 -0.891006524188368
5.1993358416911075 -0.8837600024027803 -0.8837656300886936
5.215043804959056 -0.8763017437485598 -0.8763066800438638
5.230751768227005 -0.8686271930318694 -0.8686315144381915
5.246459731494954 -0.8607382514877729 -0.8607420270039439
5.262167694762904 -0.8526368725935433 -0.8526401643540921
5.277875658030853 -0.8443250616341403 -0.844327925502015
5.293583621298802 -0.8358048752521104 -0.8358073613682702
5.3092915845667505 -0.8270784209821528 -0.8270805742745618
5.324999547834699 -0.8181478567705825 -0.8181497174250235
5.340707511102648 -0.8090153904799282 -0.8090169943749476
5.356415474370598 -0.7996832793788999 -0.7996846584870901
5.372123437638546 -0.7901538296179665 -0.7901550123756906
5.387831400906495 -0.780429395690767 -0.78043040733833
5.403539364174444 -0.7705123798816119 -0.7705132427757896
5.419247327442393 -0.7604052316992899 -0.7604059656000314
5.4349552907103424 -0.7501104472974275 -0.7501110696304595
5.450663253978291 -0.7396305688816383 -0.7396310949786097
5.46637121724624 -0.7289681841036868 -0.7289686274214116
5.482079180514189 -0.7181259254429184 -0.7181262977631889
5.497787143782138 -0.7071064695751781 -0.7071067811865477
5.513495107050087 -0.6959125367294622 -0.6959127965923145
5.529203070318037 -0.684546890032534 -0.6845471059286883
5.544911033585985 -0.6730123348417454 -0.6730125135097738
5.5606189968539335 -0.6613117180662872 -0.6613118653236523
5.576326960121882 -0.649447927477126 -0.6494480483301841
5.592034923389831 -0.6374238910058417 -0.6374239897486903
5.607742886657781 -0.6252425760326131 -0.6252426563357052
5.62345084992573 -0.6129069886635886 -0.6129070536529765
5.639158813193679 -0.6004201729978678 -0.6004202253258841
5.654866776461628 -0.5877852103843443 -0.5877852522924734
5.6705747397295765 -0.5750052186686333 -0.5750052520432788
5.686282702997525 -0.5620833514303263 -0.5620833778521309
5.701990666265475 -0.549022797210807 -0.5490228179981314
5.717698629533424 -0.535826778731868 -0.5358267949789963
5.733406592801372 -0.5224985521053541 -0.5224985647159495
5.749114556069321 -0.5090414060340792 -0.509041415750372
5.76482251933727 -0.49545866100425257 -0.49545866843240827
5.7805304826052195 -0.48175366846963796 -0.4817536741017153
5.796238445873168 -0.46792981002769923 -0.4679298142605735
5.811946409141117 -0.4539904965879491 -0.45399049973954697
5.827654372409066 -0.4399391675327564 -0.4399391698559154
5.843362335677015 -0.42577928987083374 -0.425779291565073
5.859070298944964 -0.41151435738364744 -0.4115143586051092
5.874778262212914 -0.3971478897649836 -0.39714789063478034
5.8904862254808625 -0.382683431753912 -0.38268343236508956
5.906194188748811 -0.36812455226137003 -0.36812455268467786
5.921902152016759 -0.35347484349062125 -0.3534748437792579
5.937610115284708 -0.3387379200518065 -0.33873792024529226
5.953318078552658 -0.32391741807084007 -0.32391741819814956
5.969026041820607 -0.3090169942928752 -0.3090169943749476
5.984734005088556 -0.29404032518057355 -0.2940403252323043
6.000441968356505 -0.27899110600742755 -0.27899110603922966
6.0161499316244536 -0.26387304994635913 -0.26387304996537336
6.031857894892402 -0.24868988715383603 -0.24868988716485535
6.047565858160352 -0.2334453638497402 -0.2334453638559052
6.063273821428301 -0.21814324139322877 -0.21814324139654243
6.07898178469625 -0.20278729535481146 -0.20278729535651246
6.094689747964199 -0.18738131458489687 -0.18738131458572468
6.110397711232147 -0.17192910027903213 -0.17192910027941058
6.126105674500097 -0.15643446504007044 -0.15643446504023112
6.1418136377680455 -0.14090123193752058 -0.140901231937583
6.157521601035994 -0.1253332335642829 -0.12533323356430465
6.173229564303943 -0.10973431109103907 -0.10973431109104577
6.188937527571892 -0.09410831331851305 -0.09410831331851491
6.204645490839842 -0.07845909572784418 -0.07845909572784475
6.220353454107791 -0.06279051952931297 -0.06279051952931326
6.23606141737574 -0.04710645070964239 -0.04710645070964264
6.2517693806436885 -0.03141075907812811 -0.03141075907812836
6.267477343911637 -0.01570731731182059 -0.01570731731182083
6.283185307179586 0 -2.4492935982947064e-16
6.298893270447535 0.01570731731182059 0.015707317311820342
6.314601233715484 0.03141075907812811 0.03141075907812787
6.330309196983433 0.04710645070964239 0.04710645070964215
6.346017160251382 0.06279051952931297 0.06279051952931278
6.361725123519331 0.07845909572784418 0.07845909572784425
6.37743308678728 0.09410831331851305 0.09410831331851442
6.393141050055229 0.10973431109103907 0.10973431109104528
6.408849013323178 0.1253332335642829 0.12533323356430418
6.424556976591127 0.14090123193752058 0.1409012319375825
6.440264939859076 0.15643446504007044 0.15643446504023062
6.455972903127025 0.17192910027903127 0.17192910027940922
6.4716808663949745 0.18738131458489776 0.18738131458572507
6.4873888296629225 0.20278729535481146 0.20278729535651197
6.503096792930871 0.21814324139322877 0.21814324139654195
6.51880475619882 0.2334453638497402 0.23344536385590473
6.534512719466769 0.24868988715383517 0.24868988716485402
6.550220682734719 0.26387304994635913 0.2638730499653729
6.565928646002668 0.27899110600742755 0.27899110603922916
6.581636609270617 0.29404032518057355 0.2940403252323038
6.5973445725385655 0.3090169942928752 0.3090169943749472
6.613052535806514 0.32391741807084007 0.32391741819814907
6.628760499074463 0.33873792005180564 0.338737920245291
6.644468462342413 0.35347484349062125 0.3534748437792575
6.660176425610362 0.36812455226137086 0.3681245526846782
6.67588438887831 0.382683431753912 0.3826834323650891
6.691592352146259 0.3971478897649836 0.3971478906347799
6.707300315414208 0.4115143573836466 0.411514358605108
6.7230082786821574 0.42577928987083374 0.42577929156507255
6.738716241950106 0.4399391675327564 0.43993916985591497
6.754424205218055 0.4539904965879491 0.4539904997395466
6.770132168486004 0.46792981002769923 0.46792981426057306
6.785840131753953 0.48175366846963796 0.4817536741017149
6.801548095021902 0.4954586610042518 0.4954586684324071
6.817256058289852 0.5090414060340792 0.5090414157503715
6.8329640215578005 0.5224985521053541 0.522498564715949
6.848671984825749 0.5358267787318688 0.5358267949789967
6.864379948093697 0.549022797210807 0.549022817998131
6.880087911361646 0.5620833514303256 0.5620833778521298
6.895795874629596 0.5750052186686333 0.5750052520432785
6.911503837897545 0.5877852103843443 0.5877852522924729
6.927211801165494 0.6004201729978678 0.6004202253258838
6.942919764433443 0.6129069886635886 0.6129070536529762
6.9586277277013915 0.6252425760326131 0.6252426563357047
6.974335690969341 0.6374238910058417 0.63742398974869
6.99004365423729 0.649447927477126 0.6494480483301838
7.005751617505239 0.6613117180662872 0.6613118653236519
7.021459580773188 0.6730123348417454 0.6730125135097733
7.037167544041137 0.6845468900325345 0.6845471059286886
7.052875507309085 0.6959125367294615 0.6959127965923135
7.0685834705770345 0.7071064695751781 0.7071067811865474
7.084291433844983 0.7181259254429184 0.7181262977631886
7.099999397112932 0.7289681841036868 0.7289686274214112
7.115707360380881 0.7396305688816383 0.7396310949786093
7.13141532364883 0.7501104472974275 0.7501110696304591
7.14712328691678 0.7604052316992899 0.760405965600031
7.162831250184729 0.7705123798816119 0.7705132427757893
7.1785392134526775 0.780429395690767 0.7804304073383297
7.194247176720626 0.7901538296179665 0.7901550123756903
7.209955139988575 0.7996832793789005 0.7996846584870905
7.225663103256524 0.8090153904799282 0.8090169943749472
7.241371066524473 0.8181478567705825 0.8181497174250232
7.257079029792422 0.8270784209821528 0.8270805742745616
7.272786993060371 0.8358048752521104 0.8358073613682699
7.28849495632832 0.8443250616341403 0.8443279255020147
7.3042029195962686 0.8526368725935433 0.8526401643540918
7.319910882864218 0.8607382514877729 0.8607420270039436
7.335618846132167 0.8686271930318694 0.8686315144381912
7.351326809400116 0.8763017437485598 0.8763066800438636
7.367034772668065 0.8837600024027803 0.8837656300886934
7.382742735936014 0.8910001204203921 0.8910065241883678
7.398450699203963 0.8980203022908515 0.8980275757606154
7.4141586624719125 0.9048188059535979 0.9048270524660197
7.4298666257398605 0.9113939431679235 0.9114032766354451
7.445574589007809 0.9177440798660959 0.9177546256839809
7.461282552275758 0.9238676364894817 0.9238795325112865
7.476990515543707 0.9297630883074537 0.9297764858882511
7.492698478811657 0.9354289657188327 0.9354440308298673
7.508406442079606 0.9408638545356319 0.9408807689542255
7.524114405347555 0.9460663962488722 0.9460853588275453
7.5398223686155035 0.951035288276224 0.9510565162951535
7.555530331883452 0.9557692841912466 0.95579301479833
7.571238295151401 0.9602671939339863 0.960293685676943
7.586946258419351 0.9645278840026972 0.9645574184577982
7.6026542216873 0.9685502776264499 0.9685831611286312
7.618362184955248 0.9723333549183905 0.9723699203976764
7.634070148223197 0.9758761530094171 0.9759167619387472
7.649778111491146 0.9791777661620318 0.9792228106217656
7.665486074759095 0.9822373458641394 0.9822872507286886
7.681194038027044 0.9850541009025525 0.9851093261547739
7.696902001294993 0.9876272974159676 0.9876883405951377
7.712609964562942 0.9899562589271771 0.9900236577165575
7.728317927830891 0.9920403663542806 0.9921147013144778
7.744025891098841 0.9938790580006607 0.9939609554551797
7.7597338543667895 0.9954718295234837 0.99556196460308
7.775441817634738 0.9968182338804962 0.996917333733128
7.791149780902687 0.9979178812548726 0.9980267284282716
7.806857744170635 0.9987704389578874 0.9988898749619699
7.822565707438584 0.999375631309166 0.9995065603657315
7.838273670706534 0.9997332394942879 0.9998766324816606
7.853981633974483 1 1
7.869689597242432 0.9997332394942879 0.9998766324816606
7.8853975605103805 0.9993756313091662 0.9995065603657316
7.901105523778329 0.9987704389578873 0.99888987496197
7.916813487046279 0.9979178812548727 0.9980267284282716
7.932521450314228 0.996818233880496 0.996917333733128
7.948229413582177 0.9954718295234837 0.99556196460308
7.963937376850126 0.9938790580006606 0.9939609554551797
7.979645340118075 0.9920403663542806 0.9921147013144779
7.995353303386023 0.9899562589271772 0.9900236577165578
8.011061266653973 0.9876272974159673 0.9876883405951377
8.026769229921921 0.9850541009025525 0.985109326154774
8.042477193189871 0.9822373458641392 0.9822872507286886
8.058185156457819 0.9791777661620319 0.9792228106217659
8.073893119725769 0.9758761530094171 0.9759167619387473
8.089601082993717 0.9723333549183908 0.9723699203976768
8.105309046261667 0.9685502776264497 0.9685831611286311
8.121017009529615 0.9645278840026972 0.9645574184577983
8.136724972797564 0.9602671939339863 0.9602936856769431
8.152432936065512 0.955769284191247 0.9557930147983305
8.168140899333462 0.951035288276224 0.9510565162951536
8.183848862601412 0.9460663962488719 0.9460853588275452
8.19955682586936 0.9408638545356319 0.9408807689542257
8.21526478913731 0.9354289657188324 0.9354440308298673
8.230972752405258 0.929763088307454 0.9297764858882517
8.246680715673207 0.9238676364894817 0.9238795325112867
8.262388678941155 0.9177440798660962 0.9177546256839815
8.278096642209103 0.9113939431679242 0.911403276635446
8.293804605477053 0.9048188059535979 0.90482705246602
8.309512568745003 0.8980203022908515 0.8980275757606158
8.325220532012953 0.8910001204203918 0.8910065241883676
8.3409284952809 0.8837600024027803 0.8837656300886936
8.35663645854885 0.8763017437485594 0.8763066800438634
8.372344421816798 0.8686271930318694 0.8686315144381915
8.388052385084748 0.8607382514877725 0.8607420270039435
8.403760348352696 0.8526368725935437 0.8526401643540926
8.419468311620646 0.8443250616341403 0.8443279255020151
8.435176274888594 0.8358048752521109 0.8358073613682708
8.450884238156544 0.8270784209821528 0.8270805742745619
8.466592201424492 0.818147856770583 0.8181497174250241
8.482300164692441 0.8090153904799282 0.8090169943749476
8.498008127960391 0.7996832793788999 0.7996846584870902
8.51371609122834 0.7901538296179665 0.7901550123756906
8.529424054496289 0.7804293956907664 0.7804304073383296
8.545132017764237 0.7705123798816119 0.7705132427757897
8.560839981032187 0.7604052316992893 0.7604059656000308
8.576547944300135 0.750110447297428 0.7501110696304601
8.592255907568084 0.7396305688816383 0.7396310949786097
8.607963870836032 0.7289681841036874 0.7289686274214122
8.623671834103982 0.7181259254429184 0.718126297763189
8.63937979737193 0.7071064695751786 0.7071067811865483
8.65508776063988 0.6959125367294622 0.6959127965923146
8.67079572390783 0.684546890032534 0.6845471059286884
8.686503687175778 0.6730123348417454 0.6730125135097738
8.702211650443727 0.6613117180662865 0.6613118653236517
8.717919613711675 0.649447927477126 0.6494480483301842
8.733627576979625 0.6374238910058411 0.6374239897486897
8.749335540247573 0.6252425760326138 0.625242656335706
8.765043503515523 0.6129069886635886 0.6129070536529766
8.780751466783471 0.6004201729978685 0.600420225325885
8.79645943005142 0.5877852103843443 0.5877852522924734
8.812167393319369 0.5750052186686341 0.5750052520432797
8.82787535658732 0.5620833514303248 0.5620833778521296
8.843583319855268 0.549022797210807 0.5490228179981315
8.859291283123216 0.5358267787318688 0.5358267949789972
8.874999246391166 0.5224985521053533 0.5224985647159488
8.890707209659114 0.5090414060340792 0.5090414157503721
8.906415172927064 0.4954586610042518 0.4954586684324076
8.922123136195012 0.4817536684696388 0.4817536741017162
8.937831099462962 0.46792981002769923 0.4679298142605736
8.95353906273091 0.45399049658794993 0.4539904997395479
8.96924702599886 0.4399391675327564 0.4399391698559155
8.984954989266809 0.42577928987083297 0.4257792915650723
9.000662952534759 0.4115143573836458 0.4115143586051077
9.016370915802707 0.3971478897649836 0.39714789063478045
9.032078879070655 0.38268343175391284 0.3826834323650905
9.047786842338605 0.36812455226137003 0.368124552684678
9.063494805606553 0.35347484349062125 0.35347484377925803
9.079202768874502 0.33873792005180564 0.33873792024529153
9.09491073214245 0.32391741807084096 0.3239174181981505
9.1106186954104 0.3090169942928752 0.3090169943749478
9.126326658678348 0.2940403251805744 0.2940403252323052
9.142034621946298 0.27899110600742755 0.2789911060392298
9.157742585214248 0.26387304994635824 0.26387304996537264
9.173450548482197 0.2486898871538343 0.24868988716485377
9.189158511750145 0.2334453638497402 0.23344536385590534
9.204866475018095 0.2181432413932279 0.21814324139654168
9.220574438286043 0.20278729535481146 0.20278729535651258
9.236282401553991 0.18738131458489776 0.18738131458572568
9.25199036482194 0.17192910027903127 0.1719291002794098
9.267698328089889 0.15643446504007133 0.1564344650402321
9.283406291357839 0.14090123193752058 0.1409012319375831
9.299114254625787 0.12533323356428377 0.12533323356430567
9.314822217893736 0.10973431109103907 0.1097343110910459
9.330530181161686 0.09410831331851216 0.09410831331851414
9.346238144429636 0.0784590957278433 0.07845909572784399
9.361946107697584 0.06279051952931297 0.06279051952931339
9.377654070965534 0.0471064507096415 0.047106450709641874
9.393362034233482 0.03141075907812811 0.03141075907812848
9.40906999750143 0.015707317311821477 0.01570731731182184
9.42477796076938 0 3.6739403974420594e-16
9.440485924037327 -0.0157073173118197 -0.01570731731181933
9.456193887305277 -0.03141075907812811 -0.03141075907812775
9.471901850573225 -0.0471064507096415 -0.04710645070964114
9.487609813841175 -0.06279051952931297 -0.06279051952931265
9.503317777109125 -0.07845909572784507 -0.07845909572784501
9.519025740377074 -0.09410831331851392 -0.09410831331851519
9.534733703645022 -0.10973431109103907 -0.10973431109104516
9.550441666912972 -0.12533323356428377 -0.12533323356430492
9.56614963018092 -0.14090123193752058 -0.1409012319375824
9.58185759344887 -0.15643446504007133 -0.15643446504023137
9.597565556716818 -0.17192910027903127 -0.17192910027940908
9.613273519984766 -0.187381314584896 -0.1873813145857232
9.628981483252716 -0.20278729535481146 -0.20278729535651185
9.644689446520664 -0.2181432413932279 -0.21814324139654098
9.660397409788613 -0.2334453638497402 -0.23344536385590461
9.676105373056563 -0.24868988715383603 -0.24868988716485477
9.691813336324513 -0.26387304994635996 -0.26387304996537364
9.707521299592461 -0.27899110600742755 -0.27899110603922905
9.72322926286041 -0.2940403251805744 -0.2940403252323045
9.738937226128359 -0.3090169942928752 -0.30901699437494706
9.754645189396308 -0.32391741807084096 -0.3239174181981498
9.770353152664256 -0.33873792005180564 -0.33873792024529087
9.786061115932204 -0.3534748434906196 -0.3534748437792557
9.801769079200154 -0.36812455226137003 -0.36812455268467725
9.817477042468102 -0.3826834317539112 -0.38268343236508817
9.833185005736052 -0.3971478897649836 -0.3971478906347798
9.848892969004002 -0.41151435738364744 -0.41151435860510865
9.864600932271951 -0.4257792898708346 -0.42577929156507327
9.8803088955399 -0.4399391675327564 -0.43993916985591486
9.89601685880785 -0.45399049658794993 -0.45399049973954725
9.911724822075797 -0.46792981002769923 -0.46792981426057295
9.927432785343747 -0.4817536684696388 -0.48175367410171555
9.943140748611695 -0.4954586610042518 -0.495458668432407
9.958848711879643 -0.5090414060340777 -0.5090414157503699
9.974556675147593 -0.5224985521053533 -0.5224985647159481
9.99026463841554 -0.5358267787318672 -0.5358267949789951
10.00597260168349 -0.549022797210807 -0.5490228179981309
10.02168056495144 -0.5620833514303263 -0.5620833778521305
10.03738852821939 -0.5750052186686341 -0.575005252043279
10.053096491487338 -0.5877852103843443 -0.5877852522924728
10.068804454755288 -0.6004201729978685 -0.6004202253258843
10.084512418023236 -0.6129069886635886 -0.612907053652976
10.100220381291185 -0.6252425760326138 -0.6252426563357054
10.115928344559133 -0.6374238910058411 -0.6374239897486891
10.131636307827083 -0.649447927477126 -0.6494480483301837
10.147344271095031 -0.6613117180662865 -0.6613118653236512
10.16305223436298 -0.6730123348417442 -0.673012513509772
10.178760197630929 -0.684546890032534 -0.6845471059286878
10.194468160898879 -0.6959125367294622 -0.6959127965923141
10.210176124166829 -0.7071064695751786 -0.7071067811865479
10.225884087434777 -0.7181259254429184 -0.7181262977631885
10.241592050702726 -0.7289681841036874 -0.7289686274214118
10.257300013970674 -0.7396305688816383 -0.7396310949786092
10.273007977238624 -0.750110447297428 -0.7501110696304596
10.288715940506572 -0.7604052316992893 -0.7604059656000304
10.304423903774522 -0.7705123798816119 -0.7705132427757891
10.32013186704247 -0.7804293956907664 -0.7804304073383291
10.335839830310418 -0.7901538296179654 -0.7901550123756891
10.351547793578368 -0.7996832793788999 -0.7996846584870898
10.367255756846317 -0.8090153904799282 -0.8090169943749472
10.382963720114267 -0.818147856770583 -0.8181497174250236
10.398671683382215 -0.8270784209821528 -0.8270805742745615
10.414379646650165 -0.8358048752521109 -0.8358073613682704
10.430087609918113 -0.8443250616341403 -0.8443279255020146
10.445795573186063 -0.8526368725935437 -0.8526401643540923
10.46150353645401 -0.8607382514877725 -0.8607420270039432
10.47721149972196 -0.8686271930318694 -0.8686315144381912
10.492919462989908 -0.8763017437485594 -0.876306680043863
10.508627426257858 -0.8837600024027803 -0.8837656300886932
10.524335389525808 -0.8910001204203926 -0.8910065241883681
10.540043352793756 -0.8980203022908515 -0.8980275757606154
10.555751316061706 -0.9048188059535979 -0.9048270524660197
10.571459279329654 -0.9113939431679235 -0.911403276635445
10.587167242597603 -0.9177440798660962 -0.9177546256839811
10.602875205865551 -0.9238676364894817 -0.9238795325112864
10.618583169133501 -0.929763088307454 -0.9297764858882513
10.634291132401449 -0.9354289657188324 -0.9354440308298669
10.649999095669399 -0.9408638545356319 -0.9408807689542253
10.665707058937347 -0.9460663962488719 -0.946085358827545
10.681415022205297 -0.951035288276224 -0.9510565162951534
10.697122985473246 -0.955769284191247 -0.9557930147983302
10.712830948741196 -0.9602671939339867 -0.9602936856769434
10.728538912009144 -0.9645278840026972 -0.9645574184577982
10.744246875277092 -0.9685502776264497 -0.968583161128631
10.759954838545042 -0.9723333549183908 -0.9723699203976766
10.77566280181299 -0.9758761530094171 -0.9759167619387472
10.79137076508094 -0.9791777661620319 -0.9792228106217657
10.807078728348888 -0.9822373458641392 -0.9822872507286885
10.822786691616837 -0.9850541009025525 -0.9851093261547739
10.838494654884785 -0.9876272974159673 -0.9876883405951375
10.854202618152735 -0.9899562589271771 -0.9900236577165575
10.869910581420685 -0.9920403663542808 -0.9921147013144779
10.885618544688635 -0.9938790580006608 -0.9939609554551798
10.901326507956583 -0.9954718295234837 -0.99556196460308
10.91703447122453 -0.996818233880496 -0.9969173337331279
10.93274243449248 -0.9979178812548726 -0.9980267284282716
10.948450397760428 -0.9987704389578874 -0.9988898749619699
10.964158361028378 -0.9993756313091662 -0.9995065603657316
10.979866324296326 -0.9997332394942879 -0.9998766324816606
10.995574287564276 -1 -1
11.011282250832224 -0.9997332394942879 -0.9998766324816606
11.026990214100174 -0.9993756313091662 -0.9995065603657316
11.042698177368123 -0.9987704389578874 -0.99888987496197
11.058406140636073 -0.9979178812548725 -0.9980267284282714
11.074114103904021 -0.996818233880496 -0.996917333733128
11.08982206717197 -0.9954718295234837 -0.9955619646030801
11.105530030439919 -0.9938790580006606 -0.9939609554551797
11.121237993707867 -0.9920403663542808 -0.992114701314478
11.136945956975817 -0.9899562589271771 -0.9900236577165576
11.152653920243765 -0.9876272974159677 -0.9876883405951379
11.168361883511714 -0.9850541009025525 -0.985109326154774
11.184069846779662 -0.9822373458641396 -0.9822872507286889
11.199777810047612 -0.9791777661620319 -0.979222810621766
11.215485773315562 -0.9758761530094171 -0.9759167619387474
11.231193736583512 -0.9723333549183903 -0.9723699203976764
11.24690169985146 -0.9685502776264497 -0.9685831611286312
11.26260966311941 -0.9645278840026967 -0.9645574184577979
11.278317626387357 -0.9602671939339863 -0.9602936856769432
11.294025589655305 -0.955769284191247 -0.9557930147983305
11.309733552923255 -0.951035288276224 -0.9510565162951538
11.325441516191203 -0.9460663962488726 -0.9460853588275457
11.341149479459153 -0.9408638545356319 -0.9408807689542257
11.356857442727101 -0.9354289657188329 -0.9354440308298679
11.37256540599505 -0.929763088307454 -0.9297764858882517
11.388273369263 -0.9238676364894817 -0.9238795325112867
11.40398133253095 -0.9177440798660953 -0.9177546256839808
11.419689295798898 -0.9113939431679235 -0.9114032766354453
11.435397259066848 -0.9048188059535971 -0.9048270524660192
11.451105222334796 -0.8980203022908515 -0.8980275757606158
11.466813185602744 -0.8910001204203926 -0.8910065241883685
11.482521148870694 -0.8837600024027803 -0.8837656300886937
11.498229112138642 -0.8763017437485602 -0.8763066800438644
11.513937075406592 -0.8686271930318694 -0.8686315144381916
11.52964503867454 -0.8607382514877734 -0.8607420270039445
11.54535300194249 -0.8526368725935437 -0.8526401643540927
11.561060965210439 -0.8443250616341403 -0.8443279255020152
11.576768928478389 -0.83580487525211 -0.8358073613682698
11.592476891746337 -0.8270784209821528 -0.8270805742745619
11.608184855014287 -0.8181478567705821 -0.8181497174250232
11.623892818282235 -0.8090153904799282 -0.8090169943749477
11.639600781550184 -0.7996832793788999 -0.7996846584870904
11.655308744818132 -0.7901538296179665 -0.7901550123756907
11.67101670808608 -0.7804293956907676 -0.7804304073383308
11.68672467135403 -0.7705123798816119 -0.7705132427757898
11.702432634621978 -0.7604052316992905 -0.7604059656000322
11.718140597889928 -0.750110447297428 -0.7501110696304601
11.733848561157878 -0.7396305688816383 -0.7396310949786098
11.749556524425827 -0.7289681841036862 -0.7289686274214111
11.765264487693775 -0.7181259254429184 -0.718126297763189
11.780972450961725 -0.7071064695751774 -0.7071067811865472
11.796680414229673 -0.6959125367294622 -0.6959127965923148
11.812388377497623 -0.684546890032534 -0.6845471059286885
11.82809634076557 -0.6730123348417454 -0.6730125135097739
11.843804304033519 -0.6613117180662879 -0.6613118653236532
11.859512267301469 -0.649447927477126 -0.6494480483301843
11.875220230569417 -0.6374238910058424 -0.6374239897486912
11.890928193837366 -0.6252425760326138 -0.625242656335706
11.906636157105316 -0.6129069886635886 -0.6129070536529767
11.922344120373266 -0.6004201729978671 -0.6004202253258837
11.938052083641214 -0.5877852103843443 -0.5877852522924735
11.953760046909164 -0.5750052186686326 -0.5750052520432782
11.969468010177112 -0.5620833514303263 -0.5620833778521311
11.985175973445061 -0.549022797210807 -0.5490228179981316
12.00088393671301 -0.5358267787318688 -0.5358267949789973
12.01659189998096 -0.5224985521053533 -0.5224985647159489
12.032299863248907 -0.5090414060340792 -0.5090414157503722
12.048007826516855 -0.49545866100425334 -0.49545866843240927
12.063715789784805 -0.4817536684696388 -0.4817536741017163
12.079423753052755 -0.46792981002769923 -0.46792981426057373
12.095131716320704 -0.4539904965879483 -0.4539904997395464
12.110839679588652 -0.4399391675327564 -0.43993916985591563
12.126547642856602 -0.42577928987083297 -0.42577929156507244
12.14225560612455 -0.41151435738364744 -0.41151435860510943
12.1579635693925 -0.3971478897649836 -0.39714789063478056
12.173671532660448 -0.38268343175391284 -0.3826834323650906
12.189379495928398 -0.36812455226137003 -0.3681245526846781
12.205087459196346 -0.35347484349062125 -0.35347484377925814
12.220795422464294 -0.3387379200518073 -0.3387379202452933
12.236503385732245 -0.32391741807083924 -0.32391741819814895
12.252211349000193 -0.3090169942928752 -0.3090169943749479
12.267919312268143 -0.2940403251805727 -0.29404032523230367
12.283627275536091 -0.27899110600742755 -0.2789911060392299
12.29933523880404 -0.26387304994635824 -0.26387304996537275
12.315043202071989 -0.24868988715383603 -0.2486898871648556
12.330751165339938 -0.2334453638497402 -0.23344536385590545
12.346459128607886 -0.21814324139322963 -0.21814324139654354
12.362167091875836 -0.20278729535481146 -0.2027872953565127
12.377875055143784 -0.18738131458489776 -0.1873813145857258
12.393583018411734 -0.17192910027903127 -0.17192910027940994
12.409290981679684 -0.15643446504006958 -0.15643446504023048
12.424998944947632 -0.14090123193752058 -0.14090123193758322
12.440706908215581 -0.12533323356428203 -0.125333233564304
12.45641487148353 -0.10973431109103907 -0.10973431109104602
12.47212283475148 -0.09410831331851216 -0.09410831331851427
12.487830798019427 -0.07845909572784507 -0.07845909572784587
12.503538761287377 -0.06279051952931297 -0.06279051952931351
12.519246724555325 -0.047106450709643276 -0.04710645070964377
12.534954687823275 -0.03141075907812811 -0.031410759078128604
12.550662651091223 -0.015707317311821477 -0.015707317311821963
12.566370614359172 0 -4.898587196589413e-16
12.582078577627122 0.015707317311821477 0.015707317311820984
12.59778654089507 0.03141075907812811 0.031410759078127626
12.61349450416302 0.047106450709643276 0.04710645070964279
12.629202467430968 0.06279051952931297 0.06279051952931253
12.644910430698918 0.07845909572784507 0.0784590957278449
12.660618393966866 0.09410831331851216 0.0941083133185133
12.676326357234815 0.10973431109103907 0.10973431109104505
12.692034320502763 0.12533323356428203 0.12533323356430304
12.707742283770713 0.14090123193752058 0.14090123193758225
12.723450247038661 0.15643446504006958 0.1564344650402295
12.739158210306611 0.17192910027903127 0.17192910027940897
12.75486617357456 0.18738131458489776 0.18738131458572485
12.77057413684251 0.2027872953548132 0.20278729535651346
12.786282100110459 0.21814324139322963 0.2181432413965426
12.801990063378407 0.2334453638497402 0.2334453638559045
12.817698026646356 0.24868988715383603 0.24868988716485466
12.833405989914304 0.26387304994635824 0.2638730499653718
12.849113953182254 0.27899110600742755 0.27899110603922894
12.864821916450202 0.2940403251805727 0.2940403252323027
12.880529879718152 0.3090169942928752 0.30901699437494695
12.8962378429861 0.32391741807083924 0.323917418198148
12.91194580625405 0.33873792005180564 0.33873792024529076
12.927653769522 0.35347484349062125 0.35347484377925725
12.943361732789949 0.3681245522613717 0.3681245526846788
12.959069696057897 0.38268343175391284 0.3826834323650897
12.974777659325845 0.3971478897649836 0.3971478906347797
12.990485622593795 0.41151435738364744 0.41151435860510854
13.006193585861743 0.42577928987083297 0.42577929156507155
13.021901549129693 0.4399391675327564 0.43993916985591475
13.03760951239764 0.4539904965879483 0.4539904997395455
13.05331747566559 0.46792981002769923 0.46792981426057284
13.069025438933538 0.4817536684696372 0.4817536741017139
13.084733402201488 0.4954586610042518 0.4954586684324069
13.100441365469438 0.5090414060340792 0.5090414157503713
13.116149328737388 0.5224985521053549 0.5224985647159496
13.131857292005336 0.5358267787318688 0.5358267949789964
13.147565255273285 0.5490227972108085 0.5490228179981322
13.163273218541233 0.5620833514303263 0.5620833778521304
13.178981181809181 0.5750052186686326 0.5750052520432775
13.194689145077131 0.5877852103843443 0.5877852522924727
13.210397108345079 0.6004201729978671 0.6004202253258829
13.226105071613029 0.6129069886635886 0.6129070536529759
13.241813034880977 0.6252425760326125 0.6252426563357039
13.257520998148927 0.6374238910058411 0.6374239897486891
13.273228961416876 0.649447927477126 0.6494480483301835
13.288936924684826 0.6613117180662879 0.6613118653236524
13.304644887952774 0.6730123348417454 0.6730125135097732
13.320352851220724 0.6845468900325353 0.6845471059286891
13.336060814488672 0.6959125367294622 0.695912796592314
13.35176877775662 0.7071064695751774 0.7071067811865466
13.36747674102457 0.7181259254429184 0.7181262977631884
13.383184704292518 0.7289681841036862 0.7289686274214104
13.398892667560467 0.7396305688816383 0.7396310949786091
13.414600630828415 0.7501104472974269 0.7501110696304584
13.430308594096365 0.7604052316992893 0.7604059656000303
13.446016557364315 0.7705123798816119 0.7705132427757891
13.461724520632265 0.7804293956907676 0.7804304073383301
13.477432483900213 0.7901538296179665 0.7901550123756902
13.493140447168162 0.799683279378901 0.7996846584870908
13.50884841043611 0.8090153904799282 0.8090169943749471
13.52455637370406 0.818147856770583 0.8181497174250236
13.540264336972008 0.8270784209821528 0.8270805742745614
13.555972300239956 0.83580487525211 0.8358073613682693
13.571680263507906 0.8443250616341403 0.8443279255020146
13.587388226775854 0.8526368725935428 0.8526401643540913
13.603096190043804 0.8607382514877725 0.8607420270039431
13.618804153311753 0.8686271930318694 0.8686315144381911
13.634512116579703 0.8763017437485602 0.8763066800438638
13.650220079847651 0.8837600024027803 0.8837656300886932
13.665928043115601 0.8910001204203926 0.891006524188368
13.681636006383549 0.8980203022908515 0.8980275757606153
13.697343969651499 0.9048188059535979 0.9048270524660196
13.713051932919447 0.9113939431679235 0.911403276635445
13.728759896187395 0.9177440798660953 0.9177546256839805
13.744467859455344 0.9238676364894817 0.9238795325112864
13.760175822723292 0.9297630883074535 0.9297764858882507
13.775883785991244 0.9354289657188329 0.9354440308298675
13.791591749259192 0.9408638545356319 0.9408807689542253
13.807299712527142 0.9460663962488726 0.9460853588275454
13.82300767579509 0.951035288276224 0.9510565162951534
13.83871563906304 0.955769284191247 0.9557930147983302
13.854423602330987 0.9602671939339863 0.9602936856769428
13.870131565598937 0.9645278840026972 0.9645574184577981
13.885839528866885 0.9685502776264497 0.9685831611286309
13.901547492134835 0.9723333549183908 0.9723699203976766
13.917255455402783 0.9758761530094171 0.9759167619387472
13.932963418670731 0.9791777661620314 0.9792228106217654
13.948671381938683 0.9822373458641396 0.9822872507286888
13.96437934520663 0.9850541009025525 0.9851093261547739
13.98008730847458 0.9876272974159677 0.9876883405951378
13.995795271742528 0.9899562589271771 0.9900236577165574
14.011503235010478 0.9920403663542808 0.9921147013144779
14.027211198278426 0.9938790580006606 0.9939609554551796
14.042919161546376 0.9954718295234837 0.99556196460308
14.058627124814324 0.996818233880496 0.9969173337331279
14.074335088082274 0.9979178812548726 0.9980267284282716
14.090043051350222 0.9987704389578874 0.9988898749619699
14.10575101461817 0.9993756313091662 0.9995065603657315
14.121458977886121 0.9997332394942879 0.9998766324816606
14.137166941154069 1 1
14.152874904422019 0.9997332394942879 0.9998766324816606
14.168582867689967 0.9993756313091662 0.9995065603657316
14.184290830957917 0.9987704389578874 0.99888987496197
14.199998794225865 0.9979178812548726 0.9980267284282717
14.215706757493814 0.996818233880496 0.996917333733128
14.231414720761762 0.9954718295234837 0.9955619646030801
14.247122684029712 0.9938790580006606 0.9939609554551797
14.26283064729766 0.9920403663542808 0.992114701314478
14.278538610565608 0.9899562589271771 0.9900236577165579
14.29424657383356 0.9876272974159673 0.9876883405951377
14.309954537101508 0.9850541009025525 0.985109326154774
14.325662500369457 0.9822373458641392 0.9822872507286886
14.341370463637405 0.9791777661620319 0.979222810621766
14.357078426905355 0.9758761530094171 0.9759167619387474
14.372786390173303 0.9723333549183908 0.9723699203976769
14.388494353441253 0.9685502776264497 0.9685831611286312
14.4042023167092 0.9645278840026972 0.9645574184577984
14.41991027997715 0.9602671939339863 0.9602936856769432
14.435618243245099 0.955769284191247 0.9557930147983306
14.451326206513048 0.951035288276224 0.9510565162951538
14.467034169780998 0.9460663962488719 0.9460853588275453
14.482742133048946 0.9408638545356319 0.9408807689542257
14.498450096316896 0.9354289657188324 0.9354440308298673
14.514158059584844 0.929763088307454 0.9297764858882518
14.529866022852794 0.9238676364894817 0.9238795325112868
14.545573986120742 0.9177440798660962 0.9177546256839816
14.561281949388691 0.9113939431679235 0.9114032766354454
14.57698991265664 0.9048188059535979 0.9048270524660201
14.59269787592459 0.8980203022908515 0.8980275757606159
14.608405839192537 0.8910001204203926 0.8910065241883686
14.624113802460487 0.8837600024027803 0.8837656300886937
14.639821765728437 0.8763017437485594 0.8763066800438636
14.655529728996386 0.8686271930318686 0.8686315144381908
14.671237692264334 0.8607382514877725 0.8607420270039436
14.686945655532282 0.8526368725935437 0.8526401643540927
14.702653618800232 0.8443250616341403 0.8443279255020152
14.71836158206818 0.8358048752521109 0.8358073613682709
14.73406954533613 0.8270784209821528 0.827080574274562
14.749777508604078 0.818147856770583 0.8181497174250242
14.765485471872028 0.8090153904799282 0.8090169943749478
14.781193435139976 0.799683279378901 0.7996846584870915
14.796901398407925 0.7901538296179665 0.7901550123756909
14.812609361675875 0.7804293956907664 0.7804304073383297
14.828317324943825 0.7705123798816108 0.7705132427757887
14.844025288211773 0.7604052316992893 0.760405965600031
14.859733251479721 0.750110447297428 0.7501110696304603
14.87544121474767 0.7396305688816383 0.7396310949786099
14.891149178015619 0.7289681841036874 0.7289686274214124
14.906857141283568 0.7181259254429184 0.7181262977631891
14.922565104551516 0.7071064695751786 0.7071067811865486
14.938273067819466 0.6959125367294622 0.6959127965923149
14.953981031087414 0.6845468900325353 0.6845471059286898
14.969688994355364 0.6730123348417454 0.673012513509774
14.985396957623314 0.6613117180662865 0.6613118653236519
15.001104920891263 0.6494479274771247 0.6494480483301831
15.016812884159211 0.6374238910058411 0.6374239897486899
15.032520847427161 0.6252425760326125 0.6252426563357047
15.04822881069511 0.6129069886635886 0.6129070536529768
15.063936773963057 0.6004201729978685 0.6004202253258851
15.079644737231007 0.5877852103843443 0.5877852522924736
15.095352700498955 0.5750052186686341 0.5750052520432798
15.111060663766905 0.5620833514303263 0.5620833778521312
15.126768627034853 0.5490227972108085 0.5490228179981332
15.142476590302802 0.5358267787318688 0.5358267949789974
15.158184553570752 0.5224985521053533 0.522498564715949
15.173892516838702 0.5090414060340777 0.5090414157503708
15.18960048010665 0.4954586610042518 0.4954586684324078
15.2053084433746 0.4817536684696372 0.4817536741017149
15.221016406642548 0.46792981002769923 0.46792981426057384
15.236724369910496 0.45399049658794993 0.45399049973954814
15.252432333178445 0.4399391675327564 0.43993916985591575
15.268140296446393 0.4257792898708346 0.42577929156507416
15.283848259714343 0.41151435738364744 0.41151435860510954
15.299556222982291 0.3971478897649852 0.3971478906347823
15.315264186250243 0.3826834317539112 0.3826834323650891
15.33097214951819 0.36812455226137003 0.3681245526846782
15.34668011278614 0.3534748434906196 0.3534748437792566
15.362388076054089 0.33873792005180564 0.33873792024529176
15.378096039322038 0.32391741807083924 0.32391741819814907
15.393804002589986 0.3090169942928752 0.309016994374948
15.409511965857934 0.2940403251805744 0.29404032523230544
15.425219929125884 0.27899110600742755 0.27899110603923
15.440927892393832 0.26387304994635996 0.2638730499653746
15.456635855661782 0.24868988715383603 0.2486898871648557
15.47234381892973 0.23344536384974193 0.2334453638559073
15.488051782197681 0.2181432413932279 0.21814324139654193
15.50375974546563 0.20278729535481146 0.20278729535651283
15.519467708733579 0.187381314584896 0.18738131458572418
15.535175672001527 0.17192910027903127 0.17192910027941005
15.550883635269477 0.15643446504006958 0.1564344650402306
15.566591598537425 0.14090123193752058 0.14090123193758336
15.582299561805375 0.12533323356428203 0.12533323356430415
15.598007525073323 0.10973431109103907 0.10973431109104614
15.61371548834127 0.09410831331851392 0.09410831331851616
15.62942345160922 0.07845909572784507 0.078459095727846
15.645131414877168 0.06279051952931475 0.0627905195293154
15.66083937814512 0.0471064507096415 0.04710645070964212
15.676547341413068 0.03141075907812811 0.03141075907812873
15.692255304681018 0.0157073173118197 0.01570731731182031
15.707963267948966 0 6.123233995736766e-16
